[header]
width=90
height=15
tilewidth=16
tileheight=16
orientation=orthogonal
background_color=0,0,0,255

[tilesets]
tileset=../repos/CS3113/assets/sprite_sheets/arne_sprites.png,16,16,0,0

[layer]
type=Tiles
data=
0,0,0,0,0,0,0,0,0,0,0,0,0,0,0,0,0,0,0,0,0,0,0,0,0,0,0,0,0,0,0,0,0,0,0,0,0,0,0,0,0,0,0,0,0,0,0,0,0,0,0,0,0,0,0,0,0,0,0,0,0,0,0,0,0,0,0,0,0,0,0,0,0,0,0,0,0,0,0,0,0,0,0,0,0,0,0,0,0,0,
0,0,0,0,97,98,0,0,0,0,0,0,0,0,0,0,0,0,0,0,0,0,97,98,0,0,0,0,0,0,0,0,0,0,0,0,0,0,0,0,0,0,0,0,0,0,0,0,0,0,0,0,0,0,0,0,0,0,0,0,0,0,114,115,0,0,0,0,0,0,0,0,0,0,0,0,0,0,0,0,0,0,0,0,0,0,0,0,0,0,
0,0,0,0,0,0,0,0,0,0,0,114,115,0,0,0,0,0,0,0,0,0,0,0,0,0,0,0,0,0,0,0,0,0,0,0,0,0,0,0,0,0,113,114,115,116,0,0,0,0,0,0,0,0,0,0,0,0,0,0,0,0,0,0,0,113,0,0,0,0,0,97,98,0,0,0,0,0,0,0,0,0,0,0,0,0,113,0,0,0,
0,0,0,0,0,0,0,0,113,0,0,0,0,0,0,0,0,0,0,0,0,0,0,0,0,0,0,0,0,0,0,0,114,115,0,0,0,0,0,0,0,0,0,0,0,0,0,0,0,0,0,0,0,0,116,0,0,0,0,0,0,0,0,0,0,0,0,0,0,0,0,0,0,0,0,0,0,0,0,0,0,0,0,114,115,0,0,0,0,0,
0,0,0,0,0,0,0,0,0,0,0,0,0,0,0,0,0,0,0,0,0,0,0,0,0,0,0,0,0,0,0,0,0,0,0,0,0,0,0,0,0,0,0,0,0,0,0,0,0,0,0,97,98,0,0,0,0,0,0,0,0,0,0,0,0,0,0,0,0,0,0,0,0,0,0,0,0,0,0,0,0,0,0,0,0,0,0,0,0,0,
0,0,0,0,0,0,0,0,0,0,0,0,0,0,0,0,0,0,0,0,0,0,0,0,0,0,0,0,0,0,0,0,0,0,0,0,0,0,0,0,0,0,0,0,0,0,0,0,0,0,0,0,0,0,0,0,0,0,0,0,0,0,0,0,0,0,0,0,0,0,0,0,0,0,0,0,0,0,0,0,0,0,0,0,0,0,0,0,0,0,
0,0,0,0,0,0,0,0,0,0,0,0,0,0,0,0,0,0,0,0,0,0,0,0,4,4,4,0,0,0,0,0,0,0,0,0,0,0,0,0,0,0,0,0,0,0,0,0,0,0,0,0,0,0,0,0,0,0,0,0,0,0,0,0,0,1,17,18,19,20,17,17,3,0,0,0,0,0,0,0,0,0,0,0,0,0,0,0,0,0,
0,0,0,0,0,0,0,0,0,0,0,0,0,0,0,0,0,0,0,0,104,0,0,0,0,0,0,0,0,0,0,0,0,0,0,0,0,0,0,0,0,0,0,0,0,0,0,0,0,0,0,0,0,0,0,0,0,0,0,0,0,0,0,0,1,33,34,35,36,33,34,35,36,0,0,0,0,0,0,0,0,0,0,0,0,0,0,0,0,0,
0,0,0,0,0,0,0,0,0,0,0,0,0,4,0,0,0,0,0,0,120,0,0,0,0,0,0,0,1,18,19,3,0,0,0,0,0,0,0,0,0,0,0,0,0,0,0,0,0,0,0,0,0,0,0,0,0,0,0,0,0,0,0,1,33,34,35,36,33,34,35,36,34,0,0,0,0,0,0,0,0,0,0,0,0,0,0,0,0,0,
0,0,104,0,0,0,0,0,0,0,0,0,4,4,0,0,0,0,0,0,1,2,3,0,0,0,0,0,33,34,35,36,0,0,0,0,0,0,0,0,0,0,0,0,0,0,0,0,0,0,0,0,0,0,0,0,0,0,0,0,0,0,1,33,34,4,4,4,4,4,4,4,4,0,0,0,0,0,0,0,0,0,0,0,0,0,0,0,0,104,
0,0,120,0,0,0,0,0,0,0,0,4,4,4,0,0,4,0,0,0,33,34,35,0,0,0,1,19,34,35,36,33,17,18,19,3,0,0,0,0,0,0,0,0,0,0,0,0,0,0,0,0,0,0,0,0,104,0,0,0,0,1,35,33,4,0,0,0,0,0,0,0,0,0,0,0,0,0,0,0,0,0,0,0,0,0,0,0,0,120,
17,18,19,20,17,18,19,20,17,18,19,20,17,3,0,0,1,18,19,20,34,36,36,0,0,0,33,34,33,34,35,36,33,34,35,36,0,0,0,0,0,0,0,0,0,0,0,4,0,0,0,0,0,0,0,0,120,0,0,0,1,33,36,4,0,0,0,0,0,0,0,0,0,0,0,0,0,0,0,0,0,0,1,18,19,20,17,18,19,20,
33,34,35,36,33,34,35,36,33,34,35,36,34,36,0,0,33,34,35,36,33,34,35,0,0,0,35,36,35,36,33,34,35,36,33,34,17,18,19,3,4,0,4,0,4,0,4,1,18,19,20,17,18,19,17,18,18,19,20,17,33,34,35,4,0,0,0,0,0,0,0,0,0,0,0,0,0,4,0,4,0,4,33,34,35,36,33,34,35,36,
36,33,34,35,36,33,34,35,36,33,34,35,36,34,0,0,36,33,34,35,36,33,34,0,0,0,34,35,33,34,35,36,33,34,35,36,33,34,35,36,0,0,0,0,0,0,0,33,34,35,36,33,34,35,36,33,34,35,36,33,34,35,36,4,4,4,4,4,4,4,4,4,4,4,4,0,0,0,0,0,0,0,36,33,34,35,36,33,34,35,
34,35,36,33,34,35,36,33,34,35,36,33,34,35,101,102,34,35,36,33,34,35,36,101,102,101,35,36,35,33,34,35,36,33,34,35,36,33,34,35,101,102,101,102,101,102,101,36,33,34,35,36,33,34,35,36,33,34,35,36,36,33,34,35,33,34,35,33,34,35,33,34,35,36,4,101,102,101,102,101,101,102,34,35,36,33,34,35,36,33

[ObjectsLayer]
# Enemy1
type=Enemy
location=17,11,1,1

[ObjectsLayer]
# Enemy2
type=Enemy
location=48,12,1,1

[ObjectsLayer]
# Player
type=Player
location=4,11,1,1

